20
0.000000 5.000000 1.000000
0.000000 4.835405 0.986361
0.000000 4.675301 0.945817
0.000000 4.524053 0.879474
0.000000 4.385787 0.789141
0.000000 4.264276 0.677282
0.000000 4.162834 0.546948
0.000000 4.084227 0.401695
0.000000 4.030600 0.245485
0.000000 4.003416 0.082579
0.000000 4.003416 -0.082579
0.000000 4.030600 -0.245485
0.000000 4.084227 -0.401695
0.000000 4.162834 -0.546948
0.000000 4.264276 -0.677282
0.000000 4.385787 -0.789141
0.000000 4.524053 -0.879474
0.000000 4.675301 -0.945817
0.000000 4.835405 -0.986361
0.000000 5.000000 -1.000000
