20
5.000000 0.000000 1.000000
4.835405 0.000000 0.986361
4.675301 0.000000 0.945817
4.524053 0.000000 0.879474
4.385787 0.000000 0.789141
4.264276 0.000000 0.677282
4.162834 0.000000 0.546948
4.084227 0.000000 0.401695
4.030600 0.000000 0.245485
4.003416 0.000000 0.082579
4.003416 0.000000 -0.082579
4.030600 0.000000 -0.245485
4.084227 0.000000 -0.401695
4.162834 0.000000 -0.546948
4.264276 0.000000 -0.677282
4.385787 0.000000 -0.789141
4.524053 0.000000 -0.879474
4.675301 0.000000 -0.945817
4.835405 0.000000 -0.986361
5.000000 0.000000 -1.000000
