#resolution of the control grid of BsplineVolume
21 21 4
#control points of BsplineVolume
-0.505267 2.108 -0.0215948
-0.479403 2.08365 0.0410693
-0.453557 2.05932 0.103724
-0.427705 2.03503 0.166381
-0.574171 1.71858 -0.0817775
-0.565195 1.5362 0.0274215
-0.549972 1.50969 0.121368
-0.503814 1.61796 0.134197
-0.582819 1.51916 -0.0659543
-0.576586 1.35124 0.0832878
-0.56711 1.33242 0.200888
-0.547434 1.44621 0.237056
-0.587198 1.33619 -0.0283646
-0.580971 1.1658 0.140331
-0.574003 1.14947 0.270365
-0.560855 1.28575 0.340501
-0.588608 1.11263 0.0280585
-0.581574 0.989207 0.191727
-0.576417 0.971084 0.332012
-0.570288 1.06589 0.427227
-0.586029 0.936716 0.0679092
-0.574882 0.826656 0.234864
-0.569407 0.806816 0.387011
-0.573056 0.876849 0.502552
-0.575279 0.757848 0.0980272
-0.559051 0.650392 0.269831
-0.549838 0.63502 0.430378
-0.556529 0.696539 0.577216
-0.557887 0.531757 0.126485
-0.540038 0.464437 0.289448
-0.520095 0.456676 0.446673
-0.519311 0.505943 0.616667
-0.559985 0.327816 0.147044
-0.542164 0.296635 0.295503
-0.503155 0.289032 0.438096
-0.458848 0.315175 0.586952
-0.634602 0.184153 0.173617
-0.593171 0.157809 0.304393
-0.536168 0.142845 0.431774
-0.458666 0.139805 0.556473
-0.746421 0.0540972 0.203763
-0.67343 0.0242197 0.31651
-0.610703 0.00431994 0.434338
-0.55205 -0.0100818 0.551256
-0.795728 -0.135883 0.202956
-0.728933 -0.140933 0.318156
-0.670198 -0.160186 0.434564
-0.619182 -0.192895 0.552219
-0.820852 -0.365349 0.192117
-0.765966 -0.336384 0.311259
-0.716527 -0.353795 0.428127
-0.680575 -0.416024 0.542707
-0.839681 -0.588379 0.182055
-0.792515 -0.53771 0.303486
-0.751753 -0.553514 0.422059
-0.725236 -0.634633 0.53934
-0.847329 -0.819236 0.169386
-0.811096 -0.741023 0.295957
-0.77788 -0.755651 0.41744
-0.758356 -0.861321 0.538402
-0.85854 -1.03376 0.157918
-0.826165 -0.938397 0.289451
-0.798197 -0.951285 0.415015
-0.781815 -1.06984 0.543192
-0.921795 -1.21625 0.155683
-0.856093 -1.11594 0.284093
-0.82658 -1.12601 0.410931
-0.819111 -1.23852 0.531105
-0.9825 -1.42228 0.146059
-0.902501 -1.28375 0.276798
-0.865267 -1.28806 0.401257
-0.849967 -1.41531 0.514623
-0.992584 -1.64076 0.122764
-0.937257 -1.46597 0.262388
-0.894414 -1.46471 0.384578
-0.86512 -1.63842 0.481839
-0.970276 -1.86972 0.0911488
-0.944579 -1.68791 0.232768
-0.905304 -1.68524 0.350502
-0.873448 -1.84986 0.429314
-0.866145 -2.27872 0.0292281
-0.853517 -2.24455 0.145619
-0.840908 -2.21037 0.262006
-0.828318 -2.17616 0.378391
-0.439065 2.16496 0.026787
-0.361478 2.15929 0.112427
-0.327195 2.13014 0.176389
-0.343399 2.07894 0.220771
-0.447485 1.73814 -0.0743981
-0.405443 1.60118 0.085903
-0.387824 1.56449 0.199827
-0.385383 1.6334 0.20248
-0.473631 1.56784 -0.048856
-0.436165 1.42896 0.158871
-0.427367 1.3966 0.305589
-0.436326 1.47152 0.327484
-0.488169 1.38498 -0.00734597
-0.457996 1.25133 0.230141
-0.459922 1.22703 0.40054
-0.478942 1.30793 0.455146
-0.49449 1.16832 0.0503613
-0.471403 1.06422 0.295779
-0.482153 1.04487 0.482088
-0.519289 1.12617 0.562708
-0.496346 0.963032 0.10207
-0.473425 0.874275 0.349685
-0.48783 0.853222 0.548205
-0.542754 0.928326 0.650979
-0.491053 0.762878 0.139685
-0.461962 0.679225 0.385254
-0.472427 0.652683 0.588035
-0.533154 0.711572 0.724259
-0.477919 0.557725 0.16591
-0.43721 0.485998 0.395731
-0.434442 0.457574 0.58689
-0.484003 0.490038 0.741082
-0.464147 0.35895 0.181931
-0.41638 0.307514 0.387499
-0.394494 0.284188 0.55629
-0.405345 0.296096 0.692422
-0.497008 0.175567 0.196152
-0.429868 0.146814 0.381856
-0.392073 0.131457 0.532739
-0.375054 0.133035 0.641384
-0.571987 0.017289 0.216471
-0.47886 -0.00779763 0.391571
-0.436039 -0.0160745 0.537121
-0.438162 -0.0174069 0.647477
-0.631158 -0.171781 0.225925
-0.531212 -0.179076 0.403192
-0.488964 -0.181809 0.549917
-0.504081 -0.193469 0.660129
-0.673855 -0.405894 0.22609
-0.576566 -0.378329 0.410732
-0.538784 -0.378053 0.560926
-0.567047 -0.422955 0.670418
-0.704515 -0.641528 0.222912
-0.614097 -0.590882 0.415679
-0.581839 -0.583959 0.570756
-0.620649 -0.648584 0.682228
-0.723589 -0.864176 0.21575
-0.642751 -0.787433 0.41892
-0.616111 -0.771106 0.579036
-0.658377 -0.8284 0.68991
-0.744608 -1.07492 0.208534
-0.66811 -0.972437 0.420242
-0.64614 -0.949371 0.585164
-0.695853 -1.02631 0.697206
-0.780368 -1.27961 0.199102
-0.696483 -1.16423 0.417245
-0.676814 -1.13659 0.5874
-0.729205 -1.23397 0.69762
-0.814546 -1.50717 0.185121
-0.725369 -1.36757 0.40794
-0.705781 -1.33251 0.581852
-0.755085 -1.43992 0.686038
-0.817634 -1.7083 0.160204
-0.744221 -1.56754 0.391358
-0.72691 -1.52734 0.566823
-0.772726 -1.64655 0.66071
-0.792353 -1.89115 0.118772
-0.741776 -1.76264 0.35902
-0.733329 -1.73204 0.535502
-0.776057 -1.85965 0.616431
-0.731758 -2.27831 0.0565986
-0.666961 -2.26354 0.235248
-0.667249 -2.2524 0.400112
-0.712894 -2.23837 0.507163
-0.381607 2.19728 0.0563797
-0.311416 2.18153 0.132463
-0.27468 2.15385 0.196337
-0.276683 2.10751 0.246925
-0.390264 1.77371 -0.0623922
-0.340175 1.62387 0.104735
-0.318846 1.58765 0.223648
-0.313919 1.64537 0.230858
-0.419294 1.62856 -0.0304162
-0.370821 1.45467 0.183777
-0.358598 1.42295 0.339011
-0.36075 1.49288 0.362197
-0.441514 1.45046 0.0164496
-0.396885 1.27386 0.26046
-0.397173 1.24953 0.444456
-0.411068 1.32902 0.503166
-0.45249 1.2308 0.0793288
-0.412279 1.08358 0.329077
-0.421497 1.06263 0.531694
-0.463517 1.14522 0.629059
-0.455215 1.01553 0.13717
-0.415251 0.889715 0.384718
-0.427752 0.865876 0.6007
-0.492883 0.945921 0.727975
-0.450552 0.804546 0.17957
-0.406116 0.688963 0.421566
-0.416203 0.657775 0.642616
-0.494227 0.718737 0.808202
-0.437739 0.586652 0.21009
-0.38365 0.489782 0.430076
-0.381804 0.455806 0.636605
-0.451057 0.481183 0.819447
-0.420883 0.372362 0.227237
-0.36223 0.307399 0.416481
-0.341714 0.280426 0.594491
-0.3659 0.286241 0.748759
-0.443508 0.179255 0.238504
-0.369872 0.143361 0.406447
-0.334266 0.127281 0.562924
-0.325738 0.128683 0.681333
-0.512074 0.00156788 0.256941
-0.410194 -0.0181413 0.415608
-0.368768 -0.023373 0.566483
-0.373464 -0.0209393 0.688492
-0.571193 -0.198203 0.26908
-0.457008 -0.191869 0.430724
-0.415623 -0.19014 0.584306
-0.432227 -0.192753 0.709722
-0.61506 -0.432331 0.270621
-0.49915 -0.386397 0.442236
-0.461884 -0.382251 0.601568
-0.493474 -0.419101 0.729864
-0.649156 -0.690069 0.269115
-0.535703 -0.599235 0.4514
-0.502997 -0.584736 0.616732
-0.547186 -0.644127 0.749778
-0.670211 -0.904386 0.268123
-0.564776 -0.794777 0.460023
-0.53702 -0.770306 0.630942
-0.5862 -0.822998 0.764125
-0.694736 -1.11198 0.26324
-0.59078 -0.978388 0.465652
-0.568009 -0.948936 0.642761
-0.626312 -1.01941 0.778819
-0.729815 -1.34901 0.247704
-0.618918 -1.17655 0.463881
-0.599506 -1.14048 0.648681
-0.661319 -1.23007 0.784245
-0.75585 -1.60263 0.229108
-0.646366 -1.38961 0.454426
-0.628921 -1.34288 0.644636
-0.690868 -1.44192 0.772605
-0.747327 -1.78924 0.20054
-0.66391 -1.59422 0.438341
-0.650738 -1.54204 0.630302
-0.712167 -1.65351 0.748641
-0.709244 -1.93241 0.15022
-0.660501 -1.78578 0.405039
-0.6577 -1.74701 0.59928
-0.715766 -1.87148 0.705528
-0.648042 -2.27386 0.0742295
-0.596364 -2.25979 0.271871
-0.60493 -2.24993 0.456365
-0.654255 -2.24344 0.580021
-0.343544 2.21192 0.0711763
-0.258077 2.19781 0.14915
-0.226287 2.17069 0.212714
-0.228027 2.13162 0.263493
-0.337801 1.78142 -0.0544343
-0.278313 1.63305 0.122783
-0.256804 1.6013 0.249037
-0.247372 1.66372 0.256415
-0.357828 1.64519 -0.0178944
-0.307256 1.46442 0.20519
-0.294186 1.4387 0.371174
-0.284221 1.52285 0.391129
-0.377873 1.46262 0.0314484
-0.334966 1.28092 0.284434
-0.335597 1.26243 0.483009
-0.33915 1.35998 0.546596
-0.392338 1.23909 0.0938202
-0.35042 1.08809 0.351845
-0.358748 1.07088 0.569796
-0.404859 1.16501 0.691754
-0.397026 1.02609 0.150655
-0.352427 0.892742 0.406115
-0.361941 0.870591 0.637481
-0.427684 0.95925 0.790998
-0.392805 0.812729 0.192777
-0.344823 0.69062 0.443079
-0.352332 0.658668 0.681216
-0.431312 0.724824 0.878971
-0.381863 0.591504 0.223319
-0.326361 0.488713 0.449925
-0.323496 0.452736 0.671975
-0.399048 0.474053 0.89198
-0.368785 0.373246 0.241921
-0.30782 0.303361 0.433128
-0.288016 0.275604 0.621467
-0.317019 0.277746 0.799402
-0.383629 0.178717 0.25205
-0.311742 0.13847 0.420394
-0.279167 0.122659 0.583936
-0.274522 0.124037 0.715841
-0.438428 -0.0160447 0.268575
-0.34332 -0.0266493 0.428056
-0.305773 -0.0299656 0.585592
-0.309138 -0.0249298 0.720633
-0.491348 -0.214943 0.283904
-0.385382 -0.201109 0.44536
-0.347518 -0.198931 0.606928
-0.362205 -0.200364 0.75035
-0.528702 -0.432431 0.286826
-0.42337 -0.389726 0.460158
-0.389369 -0.386227 0.629084
-0.41931 -0.421551 0.779379
-0.564789 -0.701006 0.289853
-0.45682 -0.596917 0.473211
-0.426191 -0.578929 0.648376
-0.467432 -0.631026 0.80436
-0.587897 -0.903759 0.296846
-0.484735 -0.791444 0.486027
-0.45846 -0.762655 0.667368
-0.507298 -0.815197 0.826592
-0.610324 -1.11256 0.292046
-0.51039 -0.977533 0.494405
-0.489492 -0.945369 0.683755
-0.549166 -1.01507 0.849105
-0.642315 -1.36926 0.27188
-0.537304 -1.17794 0.495074
-0.520652 -1.13941 0.693965
-0.586936 -1.227 0.859464
-0.666811 -1.62654 0.255781
-0.562202 -1.39011 0.489716
-0.548425 -1.34232 0.69551
-0.620369 -1.44349 0.848073
-0.658392 -1.81053 0.229412
-0.578145 -1.59452 0.476927
-0.568286 -1.54281 0.685915
-0.644281 -1.65902 0.825626
-0.621041 -1.94346 0.1742
-0.576503 -1.79007 0.442861
-0.576087 -1.75138 0.655905
-0.649879 -1.87969 0.782658
-0.574449 -2.26896 0.0903031
-0.523406 -2.25483 0.308355
-0.536429 -2.24674 0.512584
-0.606308 -2.23882 0.654698
-0.267492 2.23057 0.0918335
-0.19588 2.2123 0.166081
-0.172341 2.18364 0.228871
-0.180411 2.14939 0.282002
-0.260885 1.7817 -0.0424584
-0.217566 1.63817 0.143389
-0.199355 1.61006 0.278793
-0.185996 1.67547 0.2884
-0.283651 1.64323 -0.00385502
-0.245157 1.4701 0.22837
-0.233514 1.44858 0.408007
-0.212033 1.54691 0.426824
-0.300949 1.45706 0.0424632
-0.270573 1.28642 0.309143
-0.271809 1.27321 0.523984
-0.266007 1.38918 0.597493
-0.315423 1.22984 0.100895
-0.283127 1.09137 0.373874
-0.289348 1.07852 0.605816
-0.341468 1.18596 0.758002
-0.322633 1.01803 0.154668
-0.283335 0.89411 0.424294
-0.287797 0.874138 0.668522
-0.349914 0.969106 0.843275
-0.319523 0.808632 0.193431
-0.277117 0.692653 0.459271
-0.279054 0.660121 0.712205
-0.347764 0.729151 0.937609
-0.310064 0.592411 0.220856
-0.263102 0.488134 0.464519
-0.256501 0.450751 0.70025
-0.325199 0.469761 0.955725
-0.302635 0.364465 0.243135
-0.249893 0.297388 0.44561
-0.22895 0.270295 0.643401
-0.255258 0.271058 0.843417
-0.313668 0.173479 0.255091
-0.254486 0.133477 0.4305
-0.22258 0.118283 0.600401
-0.21874 0.119543 0.74673
-0.351552 -0.028783 0.268949
-0.279721 -0.0317373 0.436879
-0.243569 -0.0344675 0.600133
-0.243166 -0.0296251 0.746387
-0.401033 -0.2233 0.285966
-0.317262 -0.20727 0.455861
-0.280179 -0.205138 0.624226
-0.291347 -0.217062 0.783758
-0.433645 -0.427811 0.291555
-0.351671 -0.394583 0.474048
-0.317506 -0.390399 0.650986
-0.341554 -0.429375 0.820162
-0.469207 -0.696973 0.300915
-0.381549 -0.594724 0.490848
-0.350042 -0.57503 0.674464
-0.379778 -0.608674 0.847538
-0.487605 -0.901858 0.311534
-0.404453 -0.788269 0.507135
-0.37851 -0.757356 0.697784
-0.420287 -0.80401 0.879068
-0.513721 -1.11578 0.303823
-0.429668 -0.978969 0.517283
-0.408692 -0.944039 0.717998
-0.462301 -1.01242 0.908317
-0.537581 -1.36232 0.290028
-0.455594 -1.17919 0.52171
-0.438943 -1.13879 0.733248
-0.499425 -1.22465 0.928855
-0.558444 -1.60705 0.279963
-0.475239 -1.3876 0.523135
-0.463647 -1.34055 0.74205
-0.525513 -1.44519 0.930771
-0.555847 -1.80506 0.250382
-0.489604 -1.59242 0.513284
-0.481811 -1.54248 0.736753
-0.545596 -1.66441 0.913357
-0.525666 -1.94376 0.189335
-0.490292 -1.7915 0.476614
-0.490527 -1.75397 0.706221
-0.553681 -1.88675 0.870727
-0.481648 -2.26011 0.110392
-0.44989 -2.25012 0.342245
-0.46393 -2.24332 0.564842
-0.525322 -2.23883 0.744565
-0.185554 2.24843 0.111586
-0.14227 2.22333 0.18028
-0.121301 2.19493 0.245679
-0.128111 2.15843 0.297383
-0.185793 1.78422 -0.0307684
-0.163183 1.6439 0.161753
-0.147575 1.62162 0.307978
-0.135599 1.67927 0.326782
-0.215579 1.64563 0.0106028
-0.187016 1.47546 0.249723
-0.176738 1.45919 0.445239
-0.158085 1.55411 0.474486
-0.233231 1.46028 0.0534103
-0.206882 1.29258 0.33106
-0.206083 1.28514 0.563721
-0.204721 1.39754 0.660582
-0.244271 1.2341 0.112822
-0.214082 1.09524 0.391879
-0.214067 1.08669 0.636716
-0.268574 1.20593 0.825352
-0.251691 1.01889 0.168393
-0.212409 0.894884 0.437034
-0.207898 0.876822 0.691889
-0.259911 0.97879 0.886237
-0.251327 0.811836 0.198119
-0.207771 0.693772 0.469036
-0.200052 0.660975 0.733792
-0.251677 0.732336 0.9824
-0.243759 0.603666 0.22159
-0.19796 0.487209 0.473029
-0.183955 0.448883 0.719507
-0.234937 0.468122 1.0014
-0.24258 0.354826 0.248408
-0.188882 0.291458 0.452916
-0.165037 0.265322 0.658537
-0.183507 0.265417 0.877108
-0.259153 0.165204 0.262269
-0.192135 0.128886 0.436945
-0.161256 0.114548 0.611432
-0.157885 0.116078 0.768932
-0.289285 -0.0303848 0.275356
-0.211172 -0.0336153 0.444159
-0.17763 -0.0366424 0.610551
-0.175238 -0.0326078 0.76438
-0.333944 -0.230824 0.291806
-0.242394 -0.211129 0.464878
-0.208059 -0.207496 0.636963
-0.215641 -0.222045 0.808231
-0.367259 -0.441164 0.301723
-0.273049 -0.402661 0.486673
-0.240717 -0.394327 0.668045
-0.259086 -0.431122 0.851117
-0.3939 -0.688544 0.315412
-0.299802 -0.596899 0.506737
-0.269867 -0.576479 0.695918
-0.292411 -0.602554 0.882992
-0.400514 -0.905337 0.325331
-0.320306 -0.787419 0.525665
-0.295717 -0.756869 0.723313
-0.330815 -0.800709 0.922674
-0.435269 -1.12846 0.31568
-0.343781 -0.9808 0.53868
-0.323586 -0.944116 0.747731
-0.369754 -1.01069 0.957779
-0.445739 -1.36028 0.31372
-0.368364 -1.18093 0.547218
-0.35224 -1.13877 0.767913
-0.407535 -1.22306 0.987362
-0.45793 -1.60468 0.309521
-0.387496 -1.38765 0.552771
-0.376651 -1.34023 0.780957
-0.434191 -1.44657 0.996814
-0.460773 -1.80972 0.272248
-0.401968 -1.59358 0.543665
-0.395291 -1.54358 0.77628
-0.452645 -1.66833 0.97894
-0.438656 -1.94536 0.203041
-0.404858 -1.79373 0.50444
-0.405659 -1.75623 0.743991
-0.462086 -1.89123 0.936687
-0.405404 -2.25453 0.125967
-0.380235 -2.24543 0.369582
-0.394301 -2.23736 0.606389
-0.44614 -2.2355 0.817586
-0.140004 2.25553 0.118808
-0.0923043 2.23209 0.193753
-0.0715811 2.20568 0.266085
-0.0725442 2.17448 0.324073
-0.137597 1.78433 -0.025756
-0.110416 1.65084 0.175409
-0.0952143 1.63609 0.334409
-0.0858984 1.70545 0.361726
-0.155155 1.64299 0.0169847
-0.128109 1.4845 0.26553
-0.116952 1.47679 0.478173
-0.107528 1.57816 0.522009
-0.168646 1.4573 0.0561245
-0.141001 1.29948 0.345949
-0.134111 1.29968 0.596717
-0.144381 1.41927 0.72573
-0.177663 1.23325 0.115051
-0.142747 1.09559 0.401433
-0.132465 1.0926 0.659131
-0.181625 1.23137 0.887067
-0.182479 1.01582 0.171383
-0.139909 0.891612 0.441468
-0.123481 0.876511 0.706457
-0.156783 0.986386 0.916936
-0.18462 0.809531 0.192521
-0.137091 0.690866 0.471432
-0.117276 0.659099 0.746581
-0.145409 0.733694 1.01279
-0.180921 0.605969 0.215377
-0.130872 0.483761 0.474377
-0.107565 0.445522 0.729945
-0.133972 0.466107 1.02966
-0.178611 0.344818 0.243359
-0.123349 0.286365 0.453247
-0.0964275 0.261017 0.665941
-0.103669 0.260207 0.899786
-0.177408 0.156945 0.259465
-0.121149 0.12465 0.437918
-0.0938507 0.111147 0.616651
-0.0905775 0.113462 0.781357
-0.19428 -0.0240774 0.280132
-0.133298 -0.0341174 0.447964
-0.106139 -0.0379149 0.616526
-0.104465 -0.0355669 0.774236
-0.228453 -0.23729 0.297118
-0.157115 -0.21244 0.470345
-0.129891 -0.206624 0.64434
-0.136239 -0.21776 0.821817
-0.257516 -0.466738 0.312254
-0.183484 -0.410759 0.495517
-0.157656 -0.396555 0.678967
-0.173164 -0.428889 0.871301
-0.281614 -0.684843 0.327413
-0.207677 -0.604204 0.518731
-0.183959 -0.582964 0.711693
-0.204404 -0.612523 0.911767
-0.299437 -0.90308 0.338374
-0.230675 -0.790395 0.54003
-0.20932 -0.761313 0.743087
-0.237594 -0.800992 0.956991
-0.320521 -1.13337 0.334949
-0.250694 -0.982068 0.55756
-0.233494 -0.944915 0.772165
-0.272238 -1.00789 0.99932
-0.344019 -1.36142 0.335497
-0.272774 -1.18202 0.570289
-0.259271 -1.13876 0.796666
-0.308489 -1.22251 1.03607
-0.360992 -1.60829 0.332241
-0.296343 -1.38885 0.575945
-0.285009 -1.34068 0.810176
-0.337171 -1.44744 1.04302
-0.361 -1.81341 0.293741
-0.311269 -1.59517 0.565588
-0.303873 -1.54472 0.803688
-0.357575 -1.67037 1.01996
-0.342034 -1.94683 0.222879
-0.315972 -1.79567 0.526341
-0.316253 -1.75795 0.771401
-0.372652 -1.89332 0.978637
-0.327183 -2.2522 0.139711
-0.304585 -2.24278 0.390759
-0.3178 -2.23384 0.636237
-0.371157 -2.22287 0.870608
-0.0745791 2.26298 0.125461
-0.0365503 2.23914 0.204941
-0.0211845 2.21395 0.283976
-0.0178211 2.18677 0.359587
-0.08058 1.78136 -0.0212775
-0.0555475 1.65619 0.183686
-0.0408272 1.64742 0.350838
-0.0298435 1.72376 0.386543
-0.0913432 1.64321 0.0172206
-0.066556 1.49413 0.274136
-0.0520178 1.4948 0.499358
-0.0468211 1.60949 0.557437
-0.102754 1.46561 0.0496489
-0.0709127 1.30513 0.353188
-0.05371 1.31245 0.617816
-0.0683266 1.46307 0.779641
-0.110127 1.22823 0.10486
-0.0683632 1.09249 0.403536
-0.0446073 1.09455 0.672236
-0.0743067 1.25673 0.938092
-0.113711 0.998203 0.159885
-0.0659837 0.884953 0.439544
-0.0359781 0.873113 0.71361
-0.0454935 0.988837 0.938146
-0.118818 0.800367 0.177952
-0.0648661 0.683545 0.468616
-0.0319304 0.654019 0.752266
-0.0345761 0.733223 1.03476
-0.117109 0.597638 0.202602
-0.0619708 0.478512 0.470115
-0.0287156 0.441037 0.732604
-0.0289182 0.461679 1.04829
-0.111596 0.340973 0.229195
-0.0581744 0.285417 0.447786
-0.0265784 0.259161 0.665958
-0.0192448 0.255968 0.910958
-0.094963 0.148486 0.251222
-0.0554653 0.12138 0.434466
-0.0281073 0.107945 0.617029
-0.0194736 0.111446 0.787359
-0.0989414 -0.0233891 0.280863
-0.062865 -0.0373039 0.447521
-0.0380558 -0.0419182 0.618776
-0.0324638 -0.0388545 0.779416
-0.123257 -0.236143 0.299272
-0.0801378 -0.212535 0.471516
-0.0558607 -0.206761 0.647566
-0.0554872 -0.208486 0.825679
-0.148565 -0.48617 0.318902
-0.102283 -0.413195 0.49877
-0.0783862 -0.395034 0.683637
-0.0853771 -0.419984 0.879083
-0.172745 -0.695114 0.333153
-0.123779 -0.610979 0.523914
-0.101481 -0.58755 0.719667
-0.115538 -0.633758 0.931594
-0.200646 -0.90327 0.345802
-0.145616 -0.795995 0.547424
-0.124191 -0.76669 0.754837
-0.142128 -0.80901 0.981297
-0.205709 -1.13364 0.354466
-0.162284 -0.983895 0.569432
-0.144489 -0.946368 0.788242
-0.171251 -1.00567 1.02957
-0.239668 -1.36383 0.354047
-0.180863 -1.18275 0.585746
-0.166394 -1.13905 0.815835
-0.20211 -1.22283 1.06792
-0.259759 -1.60914 0.344803
-0.203335 -1.39021 0.590377
-0.18983 -1.3415 0.828118
-0.227172 -1.4479 1.06721
-0.260947 -1.81425 0.30857
-0.219072 -1.59658 0.578698
-0.208017 -1.54571 0.820261
-0.248571 -1.67138 1.04529
-0.24594 -1.95007 0.239624
-0.228209 -1.79718 0.542057
-0.222189 -1.75954 0.792171
-0.267836 -1.89614 1.01245
-0.238028 -2.25078 0.153768
-0.225019 -2.24519 0.40557
-0.230147 -2.2389 0.655668
-0.273855 -2.22608 0.900619
-0.00078162 2.26794 0.12775
0.0212381 2.24325 0.209033
0.0302886 2.21837 0.291195
0.0239709 2.19457 0.375078
-0.0194479 1.78108 -0.0180931
0.00108388 1.65641 0.185704
0.0161537 1.64985 0.355682
0.0171326 1.72824 0.396978
-0.0279051 1.64049 0.0162414
-0.00271217 1.494 0.27528
0.0178136 1.49876 0.503944
0.00742169 1.62413 0.570984
-0.0384205 1.46405 0.0455557
0.0019661 1.30376 0.352993
0.0328928 1.31396 0.621607
0.0139202 1.48934 0.800097
-0.0436457 1.22454 0.0973595
0.00732759 1.08992 0.400089
0.0466271 1.09273 0.673825
0.050539 1.26599 0.95954
-0.0463387 0.990196 0.146767
0.00838587 0.880528 0.433653
0.0528891 0.868985 0.713313
0.0713383 0.986634 0.949106
-0.0529223 0.784966 0.164757
0.00837241 0.674906 0.461959
0.0549999 0.647085 0.750222
0.0796296 0.729606 1.04494
-0.049728 0.577082 0.191543
0.00752614 0.473017 0.461689
0.0512465 0.436297 0.7273
0.0795221 0.455913 1.05186
-0.0472587 0.35829 0.214149
0.00482492 0.288613 0.4385
0.0426377 0.259862 0.659237
0.0672363 0.254639 0.907432
-0.0420458 0.14837 0.241805
0.00231766 0.119573 0.427958
0.0341124 0.105265 0.613041
0.0527162 0.108955 0.787366
-0.0422806 -0.0341721 0.273414
-0.00260082 -0.0434982 0.443743
0.0253134 -0.0492259 0.617913
0.0391875 -0.0536313 0.785024
-0.0581362 -0.226368 0.29419
-0.0146114 -0.215335 0.470262
0.0123408 -0.212309 0.648769
0.0229691 -0.220776 0.831547
-0.0818145 -0.48317 0.316976
-0.0318332 -0.412068 0.498515
-0.00450051 -0.393542 0.685031
0.0029007 -0.40712 0.88052
-0.0998635 -0.70898 0.329278
-0.0495094 -0.611461 0.523569
-0.0228437 -0.584513 0.72137
-0.0212662 -0.625333 0.936604
-0.116294 -0.913339 0.343976
-0.0656403 -0.80009 0.547957
-0.0405091 -0.766975 0.758533
-0.0431792 -0.809397 0.992713
-0.126731 -1.132 0.360176
-0.0801637 -0.987257 0.572249
-0.0575759 -0.947903 0.794836
-0.0669732 -1.00635 1.04606
-0.142798 -1.36539 0.359834
-0.0950097 -1.18413 0.590052
-0.0754772 -1.14003 0.823914
-0.0922739 -1.22369 1.08173
-0.159779 -1.61353 0.34977
-0.110657 -1.39282 0.595136
-0.0937168 -1.34314 0.83606
-0.113774 -1.44825 1.07759
-0.182333 -1.8139 0.31557
-0.126598 -1.59986 0.585574
-0.110819 -1.54764 0.830405
-0.12953 -1.67268 1.06868
-0.183005 -1.95041 0.245089
-0.140181 -1.79879 0.553042
-0.125812 -1.76139 0.809165
-0.141387 -1.90147 1.05102
-0.17373 -2.25241 0.160796
-0.143773 -2.25156 0.415139
-0.138437 -2.24942 0.668736
-0.149466 -2.24489 0.920129
0.0669668 2.27021 0.125445
0.0815825 2.24334 0.206691
0.0892642 2.21713 0.289341
0.0905644 2.19302 0.373939
0.0364533 1.78133 -0.0203078
0.0621138 1.65008 0.181301
0.0847092 1.64064 0.34953
0.0904364 1.72229 0.39314
0.0320122 1.63545 0.0141171
0.0663874 1.48222 0.268931
0.0995349 1.48401 0.491782
0.100953 1.60787 0.560968
0.0239799 1.44692 0.0478166
0.0755572 1.29361 0.345038
0.121895 1.30084 0.606535
0.131484 1.46774 0.775268
0.0211931 1.21744 0.0979381
0.0815702 1.08783 0.391238
0.135612 1.08665 0.662478
0.177148 1.24966 0.934316
0.0204079 1.00246 0.135682
0.0824153 0.881635 0.423911
0.141134 0.86572 0.704477
0.184642 0.979518 0.943207
0.0127295 0.787794 0.152187
0.0812008 0.671507 0.450876
0.14184 0.64153 0.739236
0.195685 0.72057 1.03824
0.013857 0.56305 0.179932
0.0762615 0.468313 0.449204
0.130736 0.431497 0.713981
0.188721 0.448241 1.03835
0.0165912 0.365369 0.200094
0.0683293 0.287887 0.426226
0.111968 0.258584 0.646511
0.153135 0.254175 0.891684
0.0203779 0.153563 0.228035
0.0634461 0.116316 0.418359
0.0980548 0.102112 0.604402
0.125128 0.107056 0.778812
0.0259636 -0.0426064 0.26198
0.0610826 -0.0509902 0.43782
0.0905489 -0.0559405 0.613596
0.112459 -0.0607063 0.783738
0.0207043 -0.237524 0.291754
0.0542177 -0.223783 0.46855
0.0822569 -0.220205 0.647851
0.101729 -0.234529 0.834138
0.00294282 -0.476436 0.315471
0.0408825 -0.414852 0.497882
0.0700692 -0.396961 0.685112
0.0888341 -0.413411 0.883539
-0.0104528 -0.702535 0.323778
0.0268563 -0.608932 0.521476
0.0566221 -0.580623 0.72059
0.0734542 -0.608654 0.936535
-0.0258507 -0.930041 0.337374
0.0138822 -0.802515 0.544744
0.0431587 -0.765264 0.757324
0.0568818 -0.802589 0.99399
-0.0354271 -1.13753 0.34803
0.00334085 -0.992814 0.567868
0.0303546 -0.950234 0.793928
0.0385774 -1.00838 1.05088
-0.0449494 -1.36935 0.347198
-0.00644365 -1.18668 0.584907
0.0172045 -1.14169 0.823171
0.0186241 -1.22453 1.0868
-0.0571842 -1.6291 0.348088
-0.0182536 -1.39592 0.592333
0.00245394 -1.34499 0.837115
-0.00207225 -1.44863 1.08777
-0.0655379 -1.81951 0.320347
-0.0301233 -1.60443 0.588094
-0.0123124 -1.55017 0.836276
-0.0211073 -1.67393 1.08871
-0.0667675 -1.9487 0.249125
-0.0399941 -1.80075 0.560047
-0.0266513 -1.76324 0.820385
-0.0391958 -1.90619 1.0758
-0.0676953 -2.25744 0.165571
-0.0536448 -2.25812 0.42168
-0.049974 -2.25827 0.677952
-0.05548 -2.25893 0.933072
0.13533 2.2684 0.117721
0.140606 2.23897 0.198902
0.146177 2.21028 0.281025
0.155938 2.18282 0.364137
0.0915747 1.776 -0.0269103
0.119937 1.6394 0.171529
0.147677 1.62355 0.334716
0.162171 1.70857 0.378881
0.0911179 1.63394 0.0088081
0.131105 1.46717 0.256383
0.172799 1.45998 0.468537
0.190375 1.57649 0.538033
0.0868405 1.43919 0.0471225
0.144326 1.28021 0.330419
0.201135 1.28031 0.579178
0.234502 1.42293 0.729995
0.0865112 1.20947 0.0958496
0.152584 1.08331 0.37739
0.218262 1.07655 0.641317
0.28092 1.22014 0.884299
0.0872479 1.01411 0.124834
0.155475 0.883503 0.410174
0.227081 0.861488 0.687317
0.291163 0.969016 0.923538
0.080813 0.807089 0.139822
0.153895 0.671893 0.434891
0.227348 0.637068 0.718961
0.310171 0.708315 1.01509
0.0796547 0.566702 0.165494
0.145126 0.46393 0.432234
0.209021 0.42634 0.692365
0.295219 0.439015 1.00799
0.0836006 0.349891 0.187223
0.133184 0.279817 0.411269
0.180941 0.253178 0.628373
0.236472 0.252011 0.865687
0.0902415 0.134227 0.216424
0.127045 0.106491 0.406797
0.162871 0.095784 0.591992
0.196857 0.103875 0.763679
0.098602 -0.0597212 0.257733
0.126549 -0.0602515 0.430329
0.156717 -0.0622348 0.605815
0.186226 -0.0634069 0.775078
0.0943678 -0.263311 0.297944
0.123123 -0.23283 0.465032
0.152283 -0.226084 0.643237
0.181422 -0.237152 0.828381
0.0678933 -0.488907 0.317292
0.1107 -0.419644 0.494719
0.143108 -0.400096 0.681022
0.174387 -0.416637 0.878874
0.0497595 -0.703032 0.321014
0.0978578 -0.610352 0.517391
0.132986 -0.581486 0.71669
0.166014 -0.608912 0.934119
0.0439883 -0.940191 0.329304
0.0887885 -0.806006 0.538997
0.12412 -0.767258 0.752798
0.155985 -0.802991 0.990689
0.055261 -1.14628 0.332112
0.0855484 -0.998369 0.559327
0.11752 -0.9535 0.788058
0.144165 -1.00935 1.04766
0.0531399 -1.36652 0.334286
0.082637 -1.18966 0.575523
0.110152 -1.14359 0.816997
0.129436 -1.22525 1.08338
0.0449272 -1.62424 0.342742
0.0741777 -1.39513 0.585683
0.0986607 -1.34485 0.832754
0.111181 -1.44893 1.08875
0.0520584 -1.81872 0.319612
0.0656504 -1.60321 0.585324
0.0861521 -1.54976 0.835215
0.092 -1.67474 1.09457
0.0505512 -1.9503 0.250125
0.0586938 -1.80139 0.560392
0.0730306 -1.76419 0.822514
0.0708357 -1.9094 1.08341
0.0371375 -2.26265 0.167354
0.032785 -2.26258 0.424628
0.0357664 -2.26294 0.682665
0.0382311 -2.26415 0.946566
0.201761 2.26212 0.104399
0.194295 2.23044 0.186397
0.193809 2.19839 0.267391
0.195497 2.1653 0.349073
0.145451 1.76716 -0.0372928
0.168951 1.62686 0.158666
0.193953 1.60463 0.316002
0.201071 1.69142 0.359662
0.149438 1.62788 0.00211639
0.185255 1.45269 0.24086
0.225618 1.43604 0.441879
0.226085 1.54269 0.510241
0.150167 1.43623 0.0442874
0.205902 1.26715 0.311762
0.266191 1.25943 0.546618
0.281641 1.37945 0.683101
0.152568 1.20317 0.0912263
0.219953 1.07486 0.359365
0.294169 1.06334 0.612929
0.361918 1.19087 0.827603
0.152544 1.00919 0.115155
0.225565 0.878158 0.392201
0.308524 0.852555 0.661551
0.392275 0.955165 0.890395
0.14601 0.804294 0.127457
0.223803 0.666579 0.413915
0.308438 0.629319 0.688886
0.418882 0.69422 0.974998
0.144846 0.562467 0.150472
0.211897 0.457409 0.410721
0.283112 0.420087 0.662078
0.394094 0.430203 0.959326
0.151109 0.335042 0.174211
0.197057 0.270616 0.393168
0.247344 0.246996 0.604712
0.314009 0.249147 0.829079
0.16046 0.10679 0.203077
0.190575 0.0956296 0.392006
0.226813 0.0888622 0.575592
0.266518 0.100092 0.743824
0.168265 -0.0657617 0.240494
0.191891 -0.0652101 0.416807
0.222677 -0.0661115 0.592731
0.259589 -0.0678493 0.761945
0.177119 -0.245395 0.277918
0.194884 -0.230601 0.45177
0.223641 -0.225373 0.631066
0.26106 -0.234762 0.815509
0.175657 -0.482402 0.298561
0.193288 -0.416855 0.481664
0.222231 -0.3973 0.66882
0.259691 -0.406833 0.864293
0.150996 -0.70439 0.309473
0.183354 -0.611594 0.506772
0.216113 -0.583774 0.706739
0.257317 -0.621312 0.926192
0.155554 -0.946982 0.311959
0.178099 -0.810601 0.527877
0.211808 -0.772542 0.742979
0.254186 -0.812228 0.981308
0.151475 -1.15922 0.313814
0.175842 -1.00448 0.546249
0.208443 -0.957931 0.776848
0.249447 -1.00964 1.03695
0.149876 -1.36271 0.323795
0.17203 -1.19296 0.563577
0.203041 -1.14575 0.806413
0.239396 -1.22621 1.0735
0.141624 -1.61303 0.333901
0.166079 -1.39293 0.576276
0.194391 -1.34413 0.823371
0.222673 -1.44977 1.07613
0.129131 -1.81779 0.311166
0.156097 -1.6002 0.577025
0.181831 -1.54853 0.825862
0.20561 -1.67498 1.0809
0.113193 -1.95192 0.243799
0.142764 -1.80108 0.552838
0.165749 -1.76417 0.813451
0.186539 -1.90994 1.07332
0.0973674 -2.26519 0.164618
0.103644 -2.26433 0.418116
0.113748 -2.26406 0.671924
0.13431 -2.26466 0.922703
0.265695 2.25361 0.0883106
0.247941 2.21895 0.16833
0.243568 2.18282 0.245317
0.250927 2.14151 0.314903
0.199383 1.75868 -0.0485474
0.21694 1.61181 0.141932
0.238484 1.58118 0.289782
0.240275 1.65982 0.326379
0.207965 1.62153 -0.00629527
0.23809 1.43755 0.219952
0.276428 1.41089 0.40762
0.26814 1.49685 0.465374
0.211329 1.43206 0.0328825
0.264132 1.25375 0.286973
0.326414 1.23891 0.507557
0.33731 1.33548 0.624152
0.215182 1.19633 0.0762519
0.282984 1.06343 0.335678
0.363226 1.04834 0.576703
0.435695 1.16369 0.762726
0.216735 1.00004 0.103778
0.291387 0.866645 0.368794
0.382482 0.839886 0.625532
0.481321 0.938586 0.840414
0.210432 0.785923 0.116198
0.288949 0.655017 0.387325
0.38065 0.618754 0.647534
0.512926 0.679761 0.911472
0.209041 0.544137 0.136678
0.274413 0.449044 0.384299
0.349136 0.413634 0.622392
0.473933 0.424684 0.887841
0.218197 0.331266 0.158925
0.258453 0.266088 0.371339
0.309453 0.24335 0.575295
0.38224 0.246839 0.781801
0.229227 0.111976 0.1826
0.25244 0.0933393 0.373316
0.288846 0.0861103 0.554895
0.333725 0.0962864 0.718787
0.234864 -0.0616742 0.216477
0.2559 -0.0654053 0.398375
0.287508 -0.067637 0.575194
0.332342 -0.0708493 0.743941
0.255377 -0.240675 0.249102
0.265539 -0.228763 0.431752
0.293883 -0.225637 0.613037
0.338612 -0.23831 0.79662
0.283621 -0.477256 0.272846
0.27693 -0.414746 0.461778
0.301305 -0.397088 0.650721
0.343659 -0.409998 0.845187
0.267651 -0.702418 0.290515
0.274266 -0.611292 0.489543
0.301457 -0.584858 0.690093
0.348022 -0.623148 0.90721
0.267513 -0.950877 0.293332
0.271819 -0.812938 0.511407
0.301143 -0.775119 0.726329
0.350874 -0.813839 0.960233
0.246542 -1.16329 0.295536
0.267038 -1.00814 0.529556
0.299137 -0.960735 0.759565
0.352473 -1.01111 1.01566
0.244352 -1.36236 0.312075
0.26064 -1.19508 0.548845
0.294944 -1.14743 0.790491
0.349263 -1.22751 1.05637
0.241961 -1.61336 0.325457
0.257024 -1.39259 0.564221
0.289191 -1.3445 0.809195
0.334534 -1.45087 1.05514
0.223836 -1.81891 0.300387
0.247153 -1.59938 0.564838
0.277055 -1.54848 0.809984
0.314289 -1.67414 1.04791
0.201572 -1.94994 0.231758
0.2294 -1.80035 0.538209
0.258208 -1.76336 0.79343
0.292017 -1.90579 1.03672
0.177059 -2.26503 0.156974
0.176404 -2.26268 0.408043
0.191114 -2.26085 0.658047
0.223963 -2.25756 0.906843
0.322515 2.24242 0.0700958
0.298059 2.20648 0.149099
0.290545 2.16756 0.223033
0.297039 2.12311 0.28899
0.253632 1.75128 -0.0590296
0.266912 1.59746 0.12386
0.286903 1.56054 0.262514
0.286921 1.62952 0.291969
0.265874 1.61221 -0.0164325
0.292089 1.4236 0.196438
0.33119 1.39117 0.373439
0.326388 1.46826 0.427533
0.268817 1.42207 0.0146128
0.319599 1.24029 0.25734
0.384062 1.22048 0.465495
0.405017 1.31167 0.573281
0.272085 1.18647 0.0507817
0.340561 1.04932 0.305713
0.424151 1.03167 0.533456
0.499261 1.13874 0.698147
0.276764 0.980588 0.0856822
0.350356 0.850766 0.338559
0.444546 0.824673 0.579128
0.553891 0.918618 0.77642
0.273809 0.759034 0.103024
0.3463 0.641126 0.354449
0.438415 0.607799 0.5955
0.576083 0.66657 0.825553
0.273293 0.528244 0.121673
0.330698 0.44161 0.353232
0.403705 0.408863 0.574832
0.523345 0.424369 0.799741
0.285307 0.329032 0.142069
0.316847 0.264406 0.346259
0.365979 0.241633 0.541136
0.438018 0.246352 0.726466
0.297559 0.124181 0.161866
0.313648 0.0955904 0.352295
0.349092 0.0857793 0.531036
0.398305 0.0923137 0.689507
0.306799 -0.0551411 0.19447
0.319631 -0.0642622 0.378367
0.351416 -0.068485 0.555036
0.403257 -0.0726017 0.721747
0.322772 -0.247987 0.223806
0.331508 -0.23134 0.410371
0.360578 -0.229102 0.592339
0.411549 -0.245566 0.773634
0.342039 -0.480776 0.251384
0.345828 -0.418177 0.441088
0.372283 -0.402397 0.630201
0.425297 -0.424409 0.823146
0.360577 -0.700848 0.266566
0.354899 -0.611135 0.468315
0.380967 -0.585272 0.667919
0.43698 -0.616053 0.876981
0.342677 -0.95342 0.278927
0.354304 -0.812586 0.491538
0.383924 -0.774107 0.703248
0.443857 -0.810047 0.926702
0.333447 -1.16565 0.281225
0.349367 -1.00985 0.510815
0.384069 -0.962095 0.736174
0.452143 -1.01429 0.979329
0.340813 -1.36344 0.298348
0.347503 -1.19694 0.530424
0.38456 -1.14928 0.767255
0.45579 -1.22897 1.0224
0.340061 -1.61324 0.314585
0.34646 -1.39352 0.547759
0.381812 -1.34564 0.788163
0.440933 -1.4522 1.02974
0.325921 -1.81727 0.286941
0.338368 -1.59929 0.548683
0.37105 -1.54885 0.789024
0.422476 -1.67365 1.01134
0.301183 -1.94782 0.215566
0.319592 -1.79896 0.518391
0.350868 -1.76197 0.766607
0.392252 -1.89986 0.985186
0.261449 -2.25813 0.144017
0.252838 -2.25771 0.390923
0.268947 -2.25529 0.634342
0.310877 -2.25235 0.865101
0.381417 2.2249 0.0451261
0.346358 2.19184 0.128349
0.334961 2.15191 0.201689
0.341527 2.10428 0.265254
0.30786 1.74307 -0.0706246
0.319213 1.58637 0.106727
0.340426 1.54726 0.239995
0.343949 1.61387 0.268605
0.323253 1.60229 -0.0303195
0.347047 1.4125 0.173675
0.389333 1.37838 0.34364
0.396266 1.45995 0.402566
0.32678 1.41189 -0.00337782
0.373029 1.22781 0.226765
0.439363 1.20497 0.424244
0.476627 1.30275 0.533167
0.328185 1.17572 0.0260482
0.39228 1.03463 0.270425
0.476059 1.01452 0.484594
0.559395 1.11694 0.635928
0.332382 0.965315 0.0584072
0.399974 0.836233 0.300649
0.491294 0.809785 0.523229
0.602767 0.89581 0.698298
0.333168 0.750288 0.0786384
0.393927 0.631363 0.314953
0.479888 0.599475 0.535155
0.601652 0.653319 0.727109
0.333375 0.526489 0.0951675
0.379716 0.436807 0.317
0.446845 0.406225 0.521763
0.549645 0.425517 0.709115
0.347811 0.321882 0.118897
0.370835 0.261404 0.317986
0.416297 0.239601 0.503305
0.482826 0.24632 0.666608
0.365135 0.117361 0.146656
0.3737 0.0943798 0.330918
0.407339 0.0840195 0.505338
0.459303 0.0891948 0.657233
0.384848 -0.0602847 0.177842
0.385068 -0.0664068 0.358292
0.415764 -0.0707897 0.532744
0.474097 -0.0743563 0.695324
0.402245 -0.262013 0.200698
0.398974 -0.237609 0.387894
0.428119 -0.23429 0.568025
0.488597 -0.249069 0.740214
0.404427 -0.489372 0.227318
0.410265 -0.4243 0.41846
0.440419 -0.408639 0.605282
0.505761 -0.43068 0.789996
0.442962 -0.694809 0.240113
0.427521 -0.611866 0.443549
0.455079 -0.586976 0.640128
0.520561 -0.618081 0.837523
0.431915 -0.947216 0.259346
0.43191 -0.810838 0.467313
0.462441 -0.77377 0.673642
0.531811 -0.814836 0.882899
0.428151 -1.16817 0.265062
0.429878 -1.01005 0.488005
0.466185 -0.963482 0.705859
0.54752 -1.01906 0.93089
0.433713 -1.36892 0.274511
0.432456 -1.19901 0.506304
0.470952 -1.15165 0.735391
0.54994 -1.23093 0.973123
0.4317 -1.61127 0.283541
0.431644 -1.39514 0.522699
0.468039 -1.34723 0.757441
0.526752 -1.45281 0.99344
0.416145 -1.81157 0.257907
0.423759 -1.5988 0.524072
0.4571 -1.54886 0.761073
0.522522 -1.67382 0.980052
0.384503 -1.94589 0.191168
0.406114 -1.79677 0.493102
0.440638 -1.76029 0.736595
0.501202 -1.89771 0.946966
0.35684 -2.25048 0.124531
0.334367 -2.24811 0.369087
0.350383 -2.2425 0.605918
0.403307 -2.22701 0.828707
0.43769 2.20536 0.0185916
0.393551 2.17572 0.107038
0.37784 2.13632 0.182206
0.382807 2.08944 0.248989
0.361924 1.73328 -0.0854056
0.372911 1.57751 0.0899425
0.397221 1.5387 0.220385
0.407106 1.60774 0.251757
0.380357 1.59219 -0.0470722
0.402108 1.40283 0.151524
0.447629 1.36841 0.315073
0.468099 1.4554 0.378413
0.385816 1.40115 -0.0184164
0.424332 1.21598 0.196539
0.490838 1.19075 0.382995
0.545738 1.29216 0.490689
0.385178 1.16603 0.00495082
0.437707 1.02151 0.231362
0.517493 0.997927 0.430993
0.608609 1.0946 0.568521
0.3852 0.960495 0.0238362
0.440355 0.824511 0.255458
0.522989 0.795859 0.459893
0.622757 0.870764 0.610141
0.38365 0.741482 0.040579
0.432473 0.622527 0.26802
0.507839 0.591457 0.469492
0.606692 0.639074 0.629245
0.381589 0.508405 0.0541806
0.421064 0.429914 0.27391
0.480291 0.402205 0.464467
0.565343 0.423879 0.621893
0.399085 0.308292 0.0817511
0.419255 0.255709 0.284248
0.460399 0.236092 0.460996
0.517916 0.244439 0.602444
0.429482 0.111053 0.12152
0.431615 0.0902963 0.306219
0.463054 0.0809535 0.475752
0.517248 0.0870791 0.617088
0.45941 -0.0640112 0.155291
0.450949 -0.0706705 0.335502
0.47967 -0.0741715 0.506319
0.542984 -0.0771365 0.660189
0.487423 -0.280242 0.177436
0.469707 -0.246565 0.362838
0.497127 -0.240654 0.538678
0.563444 -0.253923 0.698046
0.500174 -0.506606 0.197081
0.482204 -0.433031 0.390856
0.511122 -0.415268 0.573567
0.581474 -0.434779 0.74525
0.511161 -0.68842 0.214773
0.49755 -0.613817 0.415036
0.526053 -0.590454 0.606327
0.598637 -0.627218 0.78836
0.515998 -0.92643 0.232482
0.506168 -0.806905 0.438193
0.537122 -0.774283 0.637574
0.614826 -0.820377 0.828294
0.521442 -1.15411 0.239189
0.510229 -1.00588 0.458691
0.54586 -0.963584 0.66793
0.634105 -1.02202 0.874032
0.523382 -1.37551 0.238261
0.515091 -1.19895 0.474527
0.553568 -1.1533 0.694384
0.642671 -1.23358 0.906015
0.521172 -1.61945 0.236012
0.514809 -1.39777 0.485364
0.552171 -1.34944 0.71206
0.632252 -1.45202 0.910998
0.504087 -1.80559 0.217405
0.507091 -1.59916 0.484619
0.542292 -1.54894 0.715249
0.620773 -1.67043 0.912251
0.467293 -1.93867 0.163578
0.48849 -1.79375 0.458439
0.5264 -1.75773 0.695944
0.596772 -1.89211 0.891428
0.441357 -2.24754 0.104775
0.414991 -2.23783 0.344344
0.431257 -2.22646 0.574049
0.492676 -2.20245 0.779575
0.481066 2.18662 -0.00524073
0.435957 2.15993 0.0878129
0.41736 2.12203 0.16654
0.422667 2.07618 0.239137
0.413548 1.72354 -0.101823
0.425164 1.56904 0.0723811
0.451655 1.53115 0.200675
0.461612 1.60449 0.237413
0.435652 1.58002 -0.0636107
0.454518 1.39274 0.128236
0.500872 1.35737 0.284208
0.530248 1.44843 0.351059
0.442942 1.39014 -0.0341625
0.471254 1.20362 0.164645
0.534399 1.17531 0.338504
0.599144 1.27401 0.438701
0.439163 1.15553 -0.0202947
0.477072 1.00786 0.189418
0.548202 0.980527 0.373162
0.634057 1.06728 0.491673
0.435428 0.943302 -0.0109688
0.473943 0.811238 0.206591
0.544083 0.780889 0.393772
0.626918 0.846115 0.520463
0.430095 0.721544 0.00417323
0.464249 0.61054 0.217382
0.527521 0.581206 0.402885
0.607451 0.625039 0.536679
0.423905 0.492285 0.0131524
0.455913 0.420164 0.226098
0.506514 0.395675 0.404777
0.573817 0.418582 0.536267
0.443603 0.300283 0.0392386
0.463066 0.249256 0.244447
0.499325 0.231575 0.414015
0.545066 0.239436 0.53606
0.494572 0.107404 0.0846331
0.488155 0.0864621 0.275042
0.516655 0.0780156 0.44038
0.571823 0.0855492 0.573444
0.537005 -0.0647642 0.119515
0.516083 -0.0741362 0.306752
0.54145 -0.077311 0.473924
0.604955 -0.08064 0.618499
0.567219 -0.282956 0.147814
0.539269 -0.253221 0.333848
0.562624 -0.245742 0.504707
0.624537 -0.257214 0.652018
0.597181 -0.52081 0.16563
0.557937 -0.441646 0.358555
0.580768 -0.420745 0.535722
0.646644 -0.432462 0.690924
0.589667 -0.70395 0.182508
0.568424 -0.620021 0.381934
0.594877 -0.596864 0.566116
0.670094 -0.639734 0.730098
0.597003 -0.92407 0.196298
0.577115 -0.806957 0.403735
0.607617 -0.778696 0.594857
0.691347 -0.834213 0.765731
0.609946 -1.13387 0.206604
0.587027 -1.00077 0.422527
0.620658 -0.964463 0.622319
0.710181 -1.0294 0.805224
0.614273 -1.36438 0.205185
0.594616 -1.19494 0.436028
0.630826 -1.15348 0.644947
0.722341 -1.23579 0.826455
0.612604 -1.62829 0.198781
0.596962 -1.3991 0.440495
0.634211 -1.35098 0.654681
0.727832 -1.45079 0.819096
0.594204 -1.81269 0.182886
0.590755 -1.60167 0.435983
0.627957 -1.54967 0.653357
0.705148 -1.66449 0.824905
0.554172 -1.93552 0.138525
0.568334 -1.79146 0.416137
0.606558 -1.75437 0.64164
0.669638 -1.87976 0.811015
0.513034 -2.25035 0.0850896
0.486983 -2.23203 0.315557
0.504358 -2.21515 0.534255
0.566929 -2.19079 0.714942
0.522246 2.16037 -0.0359674
0.475035 2.14185 0.0683093
0.456841 2.10544 0.151488
0.473857 2.054 0.225244
0.465182 1.71338 -0.119363
0.474119 1.5601 0.0530146
0.500805 1.52246 0.17847
0.513312 1.59963 0.218912
0.492295 1.57205 -0.0827741
0.502172 1.3827 0.101683
0.545848 1.3444 0.248534
0.582634 1.43466 0.314543
0.501496 1.39618 -0.0562797
0.512407 1.19165 0.129181
0.567805 1.15856 0.288588
0.631074 1.24781 0.375434
0.493777 1.15569 -0.0485169
0.511689 0.992272 0.14622
0.57038 0.961903 0.312808
0.640073 1.03769 0.408781
0.487709 0.922927 -0.0396154
0.50459 0.795147 0.159601
0.560758 0.764645 0.329178
0.626337 0.822861 0.4314
0.480482 0.70809 -0.0253438
0.493615 0.598166 0.169297
0.544288 0.57012 0.338542
0.607653 0.610036 0.446537
0.46966 0.486323 -0.0217401
0.488246 0.411341 0.179326
0.52947 0.388275 0.345586
0.579456 0.408555 0.451596
0.496343 0.291529 0.00463464
0.50568 0.24323 0.203154
0.535758 0.226247 0.365287
0.569954 0.230471 0.468157
0.569892 0.104878 0.0525137
0.545521 0.0832369 0.239981
0.568786 0.0752624 0.40136
0.621911 0.0838167 0.524278
0.623859 -0.0705277 0.08627
0.581487 -0.0772637 0.273258
0.600941 -0.0804713 0.436636
0.661903 -0.0850338 0.569602
0.647013 -0.285078 0.11859
0.606093 -0.256412 0.301226
0.623618 -0.24894 0.466509
0.683075 -0.26208 0.59949
0.666486 -0.522283 0.140125
0.626612 -0.445848 0.324139
0.643723 -0.422436 0.493588
0.705776 -0.42394 0.627819
0.669902 -0.718951 0.14974
0.637321 -0.627945 0.344625
0.65938 -0.602773 0.519924
0.731571 -0.63742 0.660201
0.683709 -0.938833 0.161554
0.647259 -0.81497 0.363828
0.67404 -0.788714 0.545237
0.755519 -0.858724 0.692543
0.704859 -1.14816 0.1773
0.660496 -1.00441 0.381656
0.689201 -0.973313 0.569625
0.769895 -1.05507 0.720264
0.717996 -1.36643 0.18121
0.671311 -1.19437 0.394405
0.700828 -1.15771 0.588953
0.777291 -1.24013 0.739325
0.716046 -1.6213 0.174094
0.67638 -1.39793 0.397105
0.707149 -1.35156 0.595645
0.784643 -1.44849 0.745423
0.689866 -1.81813 0.153643
0.671204 -1.60228 0.391183
0.703705 -1.54927 0.592621
0.7714 -1.65892 0.7402
0.642366 -1.94112 0.111911
0.645611 -1.79092 0.372414
0.679318 -1.7512 0.581135
0.735334 -1.86678 0.716104
0.596331 -2.25765 0.0602635
0.553693 -2.2311 0.282686
0.568739 -2.20942 0.488008
0.625724 -2.18065 0.644309
0.555367 2.12453 -0.071942
0.513148 2.1179 0.0443122
0.498054 2.08347 0.132306
0.52086 2.03033 0.20374
0.514407 1.69219 -0.139769
0.519047 1.54782 0.0306244
0.54511 1.50993 0.151132
0.568918 1.5882 0.187379
0.539233 1.5468 -0.107871
0.543195 1.37112 0.0718431
0.581843 1.32867 0.207424
0.621086 1.41176 0.265777
0.546432 1.37852 -0.0842441
0.54769 1.17886 0.0921848
0.592646 1.1406 0.234954
0.643952 1.2175 0.305936
0.538051 1.13362 -0.0757341
0.542736 0.975651 0.104599
0.588017 0.943092 0.252349
0.639951 1.00948 0.325412
0.530068 0.901296 -0.0685894
0.533716 0.779119 0.116191
0.576431 0.748708 0.266732
0.625829 0.800596 0.34461
0.520809 0.693534 -0.0575966
0.522287 0.586385 0.125012
0.561025 0.55877 0.27672
0.607234 0.593368 0.358855
0.510096 0.469903 -0.0533116
0.520818 0.401867 0.135942
0.552809 0.379333 0.288354
0.584503 0.394733 0.367827
0.548887 0.276538 -0.0266066
0.549818 0.236309 0.163605
0.573616 0.219691 0.315949
0.601614 0.221508 0.39603
0.637353 0.105538 0.0218171
0.603542 0.0805412 0.204101
0.621508 0.0726183 0.35838
0.679982 0.0822915 0.458792
0.695157 -0.0745116 0.0581636
0.645187 -0.0806496 0.238298
0.658567 -0.0842423 0.395254
0.717538 -0.0902983 0.506829
0.719211 -0.284556 0.086725
0.669419 -0.258887 0.26624
0.681171 -0.252756 0.424169
0.734143 -0.271256 0.539575
0.729211 -0.508301 0.103666
0.685967 -0.445511 0.287949
0.699528 -0.423308 0.447618
0.755943 -0.433332 0.559494
0.735885 -0.714883 0.110142
0.698225 -0.630519 0.304189
0.716184 -0.605048 0.468304
0.779419 -0.641742 0.580576
0.750769 -0.935384 0.120805
0.711229 -0.822268 0.319862
0.73256 -0.798108 0.489277
0.799521 -0.871275 0.606145
0.779297 -1.15286 0.136188
0.727284 -1.01399 0.336449
0.748462 -0.98751 0.510058
0.809866 -1.06949 0.625392
0.803655 -1.36687 0.144838
0.742133 -1.20061 0.349285
0.761494 -1.16735 0.526688
0.822858 -1.24392 0.642575
0.805565 -1.59226 0.140735
0.750428 -1.39548 0.354067
0.769826 -1.35184 0.535461
0.838503 -1.44536 0.655362
0.77684 -1.78548 0.120249
0.746288 -1.59479 0.349219
0.768567 -1.5447 0.534557
0.831567 -1.65255 0.646663
0.725422 -1.92592 0.0825899
0.719328 -1.78516 0.328038
0.745557 -1.74532 0.517967
0.792912 -1.85507 0.617589
0.673017 -2.26433 0.0365927
0.620634 -2.23127 0.244996
0.629977 -2.20365 0.434394
0.691906 -2.16053 0.550651
0.582166 2.07815 -0.114506
0.549877 2.08338 0.0113954
0.539542 2.05331 0.104497
0.563273 2.00013 0.177553
0.555909 1.64712 -0.162678
0.563991 1.51921 -0.00117875
0.587531 1.48522 0.112447
0.61211 1.56986 0.147572
0.569997 1.47587 -0.13804
0.580363 1.33952 0.0304846
0.610448 1.29867 0.153023
0.64075 1.38325 0.209141
0.572171 1.29712 -0.118632
0.579685 1.14714 0.0450682
0.61183 1.11066 0.170319
0.646854 1.18626 0.231219
0.564624 1.06484 -0.11103
0.572023 0.947033 0.0546591
0.603629 0.917035 0.182737
0.638987 0.982212 0.238472
0.555655 0.855148 -0.10733
0.561892 0.75564 0.0644677
0.591567 0.727947 0.195523
0.625377 0.778391 0.256
0.546209 0.653222 -0.0983499
0.551488 0.566711 0.0732341
0.578473 0.541913 0.20652
0.606917 0.574628 0.269419
0.541334 0.43623 -0.0913485
0.557107 0.385922 0.0866205
0.579531 0.365794 0.223387
0.591674 0.378137 0.280748
0.593281 0.259662 -0.0687496
0.600042 0.227023 0.117089
0.618737 0.211469 0.25676
0.63764 0.213088 0.320245
0.690189 0.106586 -0.0239743
0.665151 0.0783679 0.159538
0.68068 0.0699165 0.30248
0.736551 0.0800242 0.388277
0.744526 -0.0735583 0.0135214
0.708141 -0.0830788 0.19528
0.718097 -0.088608 0.342266
0.76561 -0.0969151 0.439556
0.766965 -0.27111 0.0368936
0.730791 -0.258976 0.221722
0.738016 -0.257794 0.370794
0.776272 -0.285002 0.47432
0.775316 -0.474652 0.046958
0.745068 -0.440327 0.238349
0.754783 -0.427602 0.388062
0.799871 -0.461915 0.483342
0.779362 -0.682236 0.0528552
0.756395 -0.625368 0.249623
0.770284 -0.608405 0.401047
0.819751 -0.662163 0.490988
0.790014 -0.893064 0.0616016
0.768882 -0.817441 0.261618
0.785133 -0.800896 0.416304
0.832967 -0.871218 0.508734
0.819203 -1.10004 0.0732097
0.786004 -1.00832 0.275282
0.800171 -0.989675 0.432294
0.843913 -1.06423 0.523511
0.852056 -1.3042 0.0840834
0.805632 -1.19251 0.287635
0.816144 -1.16662 0.446651
0.866716 -1.24402 0.54119
0.864678 -1.51305 0.0850633
0.82048 -1.3787 0.294675
0.83048 -1.34398 0.456879
0.889881 -1.44266 0.552842
0.846652 -1.71146 0.0725337
0.820999 -1.56755 0.291697
0.83435 -1.52908 0.45744
0.884666 -1.64555 0.542519
0.80407 -1.88589 0.046571
0.795278 -1.75955 0.272205
0.812916 -1.72838 0.440546
0.841023 -1.84476 0.515579
0.754718 -2.26391 0.0130936
0.694615 -2.22939 0.19768
0.698457 -2.19537 0.363701
0.746035 -2.15657 0.45475
0.602839 2.02323 -0.16335
0.602045 2.00059 -0.0653697
0.601251 1.97794 0.0326107
0.600456 1.95528 0.130577
0.638616 1.61598 -0.188865
0.642291 1.42571 -0.0856429
0.644447 1.39966 0.00263097
0.644029 1.52643 0.0620575
0.641111 1.40563 -0.168883
0.641374 1.22251 -0.0741813
0.643289 1.19902 0.0106442
0.648461 1.33243 0.107502
0.639651 1.20626 -0.155639
0.636123 1.04319 -0.0732518
0.637077 1.02084 0.00579006
0.645224 1.13653 0.0927309
0.633496 1.00486 -0.150895
0.627245 0.864211 -0.0660096
0.627447 0.842532 0.0153781
0.635026 0.939189 0.0776951
0.623122 0.806644 -0.145056
0.616154 0.684918 -0.0569825
0.616009 0.663341 0.028181
0.623076 0.742176 0.109934
0.608892 0.606385 -0.139317
0.612823 0.507584 -0.0508981
0.612804 0.486351 0.0344289
0.607806 0.541315 0.118056
0.613985 0.410296 -0.132307
0.651844 0.350184 -0.0341805
0.651142 0.328922 0.0537868
0.615604 0.34858 0.121269
0.722774 0.270251 -0.102838
0.744982 0.221974 0.00237502
0.739874 0.199309 0.0987482
0.714609 0.203285 0.17896
0.851541 0.138923 -0.0629753
0.829454 0.0893193 0.0444402
0.817468 0.066231 0.151383
0.814955 0.0665649 0.25302
0.876003 -0.0532619 -0.039115
0.856638 -0.0752992 0.0776806
0.841523 -0.095658 0.195728
0.827558 -0.114337 0.317042
0.876059 -0.254611 -0.0225884
0.863189 -0.251399 0.0995807
0.849801 -0.268673 0.224225
0.832639 -0.304883 0.362999
0.879048 -0.454239 -0.0130673
0.873605 -0.428868 0.101984
0.868729 -0.443745 0.219409
0.874024 -0.496878 0.32817
0.882967 -0.649264 -0.00891664
0.88347 -0.605176 0.100713
0.884768 -0.618765 0.211588
0.891109 -0.690131 0.3169
0.893921 -0.858104 -0.00409507
0.895424 -0.785694 0.106636
0.899901 -0.797141 0.219047
0.912916 -0.887703 0.340723
0.939093 -1.05807 0.00683953
0.920195 -0.965793 0.117987
0.922859 -0.973868 0.2344
0.938244 -1.07827 0.361148
1.00395 -1.24151 0.0219904
0.958503 -1.13415 0.131506
0.951608 -1.13715 0.250064
0.955351 -1.23496 0.380323
1.03 -1.45611 0.0268758
0.99268 -1.3016 0.142125
0.97594 -1.29569 0.261417
0.96903 -1.41287 0.384956
1.01706 -1.65559 0.0208327
1.00472 -1.48393 0.142377
0.985602 -1.47271 0.260071
0.964547 -1.63776 0.360844
0.965498 -1.85631 0.00588005
0.98582 -1.69201 0.128715
0.969937 -1.68606 0.240813
0.931311 -1.84466 0.328732
0.896985 -2.20609 -0.0268171
0.878175 -2.19003 0.0819834
0.85936 -2.17397 0.190781
0.840527 -2.15789 0.299601
#knot vector in u - direction of BsplineVolume
0 0 0 0 0.0555556 0.111111 0.166667 0.222222 0.277778 0.333333 0.388889 0.444444 0.5 0.555556 0.611111 0.666667 0.722222 0.777778 0.833333 0.888889 0.944444 1 1 1 1 
#knot vector in v - direction of BsplineVolume
0 0 0 0 0.0555556 0.111111 0.166667 0.222222 0.277778 0.333333 0.388889 0.444444 0.5 0.555556 0.611111 0.666667 0.722222 0.777778 0.833333 0.888889 0.944444 1 1 1 1 
#knot vector in w - direction of BsplineVolume
0 0 0 0 1 1 1 1 
