32.6574 update
15.8275
13.0199
11.4235
10.3139
9.45182
8.74126
8.13719
7.61458
7.15743
6.75438
6.39684
6.07801
5.79242
5.53553
5.30359
5.09341
4.90231
4.728
4.56853
4.4222
4.4222 update
4.28137
3.86781
3.6735
3.55476
3.46508
3.38881
3.32033
3.25739
3.19891
3.14427
3.09301
3.04481
2.99939
2.9565
2.91596
2.87757
2.84119
2.80666
2.77388
2.74271
3.25439 update
2.77369
2.63832
2.57685
2.54037
2.51332
2.49051
2.47005
2.45122
2.43364
2.41714
2.40157
2.38684
2.37287
2.3596
2.34697
2.33495
2.32348
2.31255
2.30211
2.29213
2.54304 update
2.32499
2.2748
2.25102
2.23629
2.22525
2.21605
2.20797
2.20068
2.194
2.18783
2.18208
2.17671
2.17167
2.16691
2.16242
2.15816
2.15412
2.15028
2.14663
2.14315
2.30976 update
2.1739
2.15207
2.14085
2.13338
2.12769
2.12302
2.11906
2.1156
2.11254
2.10981
2.10733
2.10508
2.103
2.10109
2.09931
2.09765
2.0961
2.09464
2.09326
2.09197
2.23097 update
2.1216
2.1093
2.10241
2.09749
2.09369
2.09063
2.08811
2.086
2.08421
2.08266
2.08132
2.08014
2.07909
2.07815
2.07731
2.07654
2.07584
2.0752
2.0746
2.07405
2.20416 update
2.10316
2.09402
2.08864
2.08465
2.08155
2.07908
2.07709
2.07547
2.07413
2.07301
2.07206
2.07126
2.07057
2.06998
2.06946
2.069
2.0686
2.06824
2.06792
2.06763
2.19498 update
2.09645
2.08835
2.08351
2.07987
2.07705
2.07481
2.07303
2.07159
2.07041
2.06945
2.06865
2.06798
2.06742
2.06695
2.06655
2.0662
2.0659
2.06564
2.06542
2.06522
2.19179 update
2.09388
2.0861
2.08146
2.07797
2.07526
2.07312
2.07142
2.07005
2.06895
2.06804
2.0673
2.06668
2.06617
2.06574
2.06538
2.06508
2.06482
2.06459
2.0644
2.19009 update
2.09301
2.0853
2.08072
2.07727
2.07459
2.07248
2.0708
2.06945
2.06837
2.06748
2.06675
2.06615
2.06565
2.06524
2.06489
2.06459
2.06435
2.06413
2.06395
2.18951 update
2.09251
2.08482
2.08027
2.07685
2.0742
2.07211
2.07045
2.06912
2.06804
2.06716
2.06644
2.06585
2.06536
2.06495
2.06461
2.06432
2.06408
2.06387
2.18863 update
2.09242
2.08472
2.08016
2.07673
2.07408
2.07198
2.07032
2.06898
2.0679
2.06702
2.0663
2.0657
2.06521
2.0648
2.06446
2.06417
2.06393
2.06372
2.18835 update
2.09225
2.08455
2.07999
2.07658
2.07393
2.07184
2.07018
2.06884
2.06776
2.06689
2.06617
2.06558
2.06509
2.06468
2.06434
2.06405
2.06381
2.0636
2.18819 update
2.09209
2.0844
2.07985
2.07645
2.07381
2.07172
2.07006
2.06873
2.06766
2.06678
2.06606
2.06547
2.06499
2.06458
2.06424
2.06395
2.06371
2.06351
2.18807 update
2.09197
2.08428
2.07974
2.07634
2.07371
2.07163
2.06997
2.06864
2.06757
2.0667
2.06598
2.06539
2.0649
2.0645
2.06416
2.06388
2.06364
2.06343
2.18797 update
2.09186
2.08418
2.07965
2.07626
2.07363
2.07155
2.0699
2.06857
2.0675
2.06663
2.06591
2.06533
2.06484
2.06443
2.0641
2.06381
2.06357
2.06337
2.18788 update
2.09178
2.0841
2.07958
2.07619
2.07356
2.07149
2.06984
2.06851
2.06744
2.06657
2.06586
2.06527
2.06478
2.06438
2.06404
2.06376
2.06352
2.06332
2.18781 update
2.09171
2.08404
2.07952
2.07613
2.07351
2.07144
2.06979
2.06846
2.06739
2.06652
2.06581
2.06522
2.06474
2.06434
2.064
2.06372
2.06348
2.06328
2.18775 update
2.09165
2.08398
2.07947
2.07609
2.07346
2.07139
2.06975
2.06842
2.06735
2.06649
2.06577
2.06519
2.0647
2.0643
2.06396
2.06368
2.06344
2.06324
2.1877 update
2.09161
2.08394
2.07943
2.07605
2.07343
2.07136
2.06971
2.06839
2.06732
2.06645
2.06574
2.06516
2.06467
2.06427
2.06393
2.06365
2.06341
2.06321
2.18766 update