6.54374 update
2.83109
2.05931
1.64662
1.38757
1.21193
1.08663
0.993718
0.922634
0.86682
0.822028
0.785403
0.754978
0.729354
0.707518
0.688718
0.672387
0.65809
0.645487
0.63431
0.624342
0.639803 update
0.612506
0.595823
0.583449
0.573806
0.566045
0.559642
0.554251
0.549634
0.545624
0.542097
0.538962
0.536149
0.533605
0.531288
0.529164
0.527207
0.525395
0.523711
0.522139
0.520667
0.537421 update
0.526125
0.521802
0.518602
0.516026
0.513872
0.512026
0.510416
0.508991
0.507717
0.506565
0.505514
0.50455
0.503659
0.502831
0.502058
0.501333
0.500651
0.500008
0.499399
0.498822
0.512688 update
0.50319
0.500877
0.49932
0.4981
0.497082
0.496203
0.495429
0.494737
0.494112
0.493541
0.493016
0.492531
0.492079
0.491657
0.49126
0.490887
0.490535
0.490201
0.489884
0.489582
0.501653 update
0.492916
0.491347
0.490403
0.489692
0.489106
0.488602
0.488156
0.487755
0.487392
0.48706
0.486753
0.486469
0.486204
0.485956
0.485723
0.485503
0.485296
0.485099
0.484912
0.484735
0.495754 update
0.487421
0.486206
0.485553
0.485086
0.48471
0.484388
0.484104
0.483849
0.483618
0.483406
0.483211
0.48303
0.482861
0.482704
0.482556
0.482417
0.482286
0.482162
0.482044
0.481932
0.492322 update
0.484214
0.483186
0.482687
0.482352
0.48209
0.481868
0.481674
0.481501
0.481344
0.4812
0.481068
0.480947
0.480834
0.480728
0.48063
0.480537
0.48045
0.480368
0.48029
0.480217
0.490219 update
0.482239
0.481316
0.480905
0.480646
0.48045
0.480288
0.480147
0.480023
0.47991
0.479808
0.479715
0.479629
0.47955
0.479476
0.479408
0.479344
0.479283
0.479227
0.479174
0.479124
0.488879 update
0.480975
0.480114
0.479757
0.479544
0.479389
0.479263
0.479156
0.479062
0.478977
0.478902
0.478833
0.47877
0.478712
0.478658
0.478609
0.478563
0.487982 update
0.480312
0.479492
0.479159
0.478965
0.478826
0.478715
0.478622
0.47854
0.478468
0.478404
0.478346
0.478294
0.478246
0.487345 update
0.479944
0.479151
0.478829
0.478641
0.478507
0.478401
0.478313
0.478236
0.478169
0.47811
0.478057
0.478009
0.486908 update
0.479679
0.478904
0.478588
0.478405
0.478275
0.478173
0.478088
0.478015
0.477952
0.477896
0.477846
0.477802
0.486616 update
0.47945
0.478687
0.478378
0.478201
0.478077
0.47798
0.477899
0.477831
0.477771
0.47772
0.477674
0.486352 update
0.479308
0.478554
0.478248
0.478072
0.477948
0.477852
0.477773
0.477706
0.477648
0.477598
0.477554
0.486175 update
0.479175
0.478428
0.478126
0.477953
0.477832
0.477739
0.477662
0.477597
0.477541
0.477493
0.477451
0.486042 update
0.479062
0.47832
0.478021
0.477852
0.477734
0.477643
0.477568
0.477506
0.477452
0.477406
0.485878 update
0.479015
0.478278
0.477977
0.477805
0.477685
0.477592
0.477516
0.477453
0.477399
0.477352
0.485777 update
0.478957
0.478223
0.477924
0.477752
0.477632
0.47754
0.477464
0.477402
0.477348
0.477302
0.485703 update
0.478902
0.478171
0.477873
0.477702
0.477583
0.477492
0.477418
0.477356
0.477303
0.477258
0.485647 update
0.478854
0.478125
0.477828
0.477659
0.477541
0.477451
0.477378
0.477317
0.477265
0.477221
0.485601 update