2.55807
1.68258
1.43503
1.28321
1.17795
1.10088
1.04242
0.996854
0.960538
0.931032
0.906657
0.88623
0.868895
0.854022
0.841141
0.82989
0.819992
0.811227
0.803422
0.796436
0.790153
0.799877
0.782627
0.771896
0.763838
0.7575
0.75236
0.748092
0.74448
0.741373
0.738664
0.736272
0.73414
0.732222
0.730483
0.728895
0.727437
0.72609
0.724841
0.723678
0.722592
0.721573
0.73309
0.725345
0.722359
0.72014
0.71835
0.716849
0.71556
0.714434
0.713436
0.712542
0.711733
0.710995
0.710317
0.709689
0.709106
0.70856
0.708049
0.707567
0.707112
0.706682
0.706274
0.716022
0.709359
0.707726
0.706626
0.705762
0.70504
0.704417
0.703867
0.703376
0.702931
0.702525
0.702151
0.701805
0.701483
0.701182
0.7009
0.700633
0.700382
0.700143
0.699917
0.699701
0.708275
0.702079
0.700962
0.700288
0.69978
0.699361
0.699
0.698681
0.698395
0.698135
0.697897
0.697677
0.697473
0.697283
0.697105
0.696938
0.69678
0.696632
0.69649
0.696356
0.696229
0.704098
0.698155
0.697285
0.696816
0.696481
0.696211
0.69598
0.695776
0.695593
0.695426
0.695274
0.695134
0.695003
0.694882
0.694769
0.694663
0.694563
0.694468
0.694379
0.694294
0.694214
0.701657
0.695855
0.695116
0.694757
0.694516
0.694327
0.694167
0.694027
0.693902
0.693789
0.693686
0.693591
0.693503
0.693422
0.693346
0.693274
0.693208
0.693145
0.693086
0.69303
0.692977
0.700156
0.694434
0.693769
0.693473
0.693287
0.693145
0.693028
0.692927
0.692837
0.692756
0.692682
0.692615
0.692553
0.692495
0.692442
0.692393
0.692346
0.692303
0.692262
0.692224
0.692188
0.699199
0.693523
0.692903
0.692645
0.692491
0.692379
0.692289
0.692211
0.692143
0.692082
0.692027
0.691977
0.691932
0.69189
0.691851
0.691816
0.691782
0.691751
0.691722
0.691695
0.69167
0.69857
0.692924
0.692331
0.692096
0.691964
0.69187
0.691796
0.691734
0.69168
0.691633
0.69159
0.691552
0.691517
0.691485
0.691456
0.691429
0.691405
0.691382
0.691361
0.691341
0.691322
0.698149
0.69252
0.691945
0.691726
0.691607
0.691526
0.691463
0.691411
0.691366
0.691328
0.691293
0.691262
0.691235
0.69121
0.691187
0.691166
0.691147
0.69113
0.691114
0.691099
0.691085
0.697861
0.692244
0.69168
0.691472
0.691362
0.691289
0.691234
0.691188
0.69115
0.691117
0.691088
0.691063
0.69104
0.69102
0.691001
0.690985
0.69097
0.690956
0.690943
0.690932
0.690921
0.697662
0.692053
0.691497
0.691295
0.691191
0.691124
0.691074
0.691034
0.691
0.690971
0.690946
0.690924
0.690904
0.690887
0.690872
0.690858
0.690846
0.690834
0.690824
0.690815
0.690806
0.697523
0.69192
0.691369
0.691172
0.691072
0.691009
0.690962
0.690925
0.690894
0.690868
0.690846
0.690826
0.690809
0.690794
0.690781
0.690769
0.690758
0.690749
0.69074
0.690733
0.690726
0.697425
0.691825
0.691278
0.691084
0.690988
0.690927
0.690883
0.690848
0.69082
0.690795
0.690775
0.690757
0.690741
0.690728
0.690716
0.690706
0.690696
0.690688
0.690681
0.690674
0.690668
0.697356
0.691759
0.691214
0.691023
0.690928
0.690869
0.690827
0.690794
0.690767
0.690744
0.690724
0.690708
0.690693
0.690681
0.69067
0.690661
0.690652
0.690645
0.690639
0.690633
0.690628
0.697306
0.691711
0.691168
0.690978
0.690885
0.690828
0.690787
0.690755
0.690729
0.690707
0.690688
0.690673
0.690659
0.690647
0.690637
0.690629
0.690621
0.690614
0.690608
0.690603
0.690598
0.697271
0.691677
0.691135
0.690947
0.690855
0.690798
0.690758
0.690727
0.690702
0.690681
0.690663
0.690648
0.690635
0.690623
0.690614
0.690606
0.690598
0.690592
0.690587
0.690582
0.690578
0.697246
0.691653
0.691112
0.690924
0.690833
0.690777
0.690738
0.690707
0.690682
0.690662
0.690644
0.69063
0.690617
0.690606
0.690597
0.690589
0.690582
0.690576
0.690571
0.690566
0.690562
0.697228
0.691635
0.691095
0.690908
0.690817
0.690762
0.690723
0.690693
0.690668
0.690648
0.690631
0.690617
0.690604
0.690594
0.690585
0.690577
0.69057
0.690565
0.69056
0.690555
0.690552
0.697214
0.691622
0.691083
0.690896
0.690806
0.690751
0.690712
0.690682
0.690658
0.690638
0.690621
0.690607
0.690595
0.690585
0.690576
0.690568
0.690562
0.690556
0.690552
0.690547
0.690544
0.697205